0 0.9109375 0.63515625 0.1453125 0.65078125
0 0.17890625 0.6578125 0.3578125 0.534375
0 0.025 0.48828125 0.0453125 0.13046875
0 0.10625 0.46796875 0.1265625 0.159375
0 0.07734375 0.3359375 0.0515625 0.075
0 0.278125 0.709375 0.43203125 0.5796875
0 0.10703125 0.37109375 0.0859375 0.08828125
0 0.16953125 0.3890625 0.08203125 0.15234375
0 0.2390625 0.3 0.03515625 0.05
0 0.6125 0.7671875 0.37421875 0.4640625
0 0.50625 0.47578125 0.1 0.19765625
0 0.56796875 0.58203125 0.1484375 0.33671875
0 0.6171875 0.3796875 0.10234375 0.1046875
0 0.8265625 0.3890625 0.3453125 0.33203125