0 0.1453125 0.73515625 0.09609375 0.1484375
0 0.5 0.71640625 0.99921875 0.565625
0 0.1515625 0.390625 0.04453125 0.15546875
0 0.1859375 0.34296875 0.03359375 0.065625
0 0.209375 0.365625 0.04765625 0.07109375
0 0.23359375 0.40078125 0.05234375 0.06484375
0 0.25625 0.3578125 0.0296875 0.0515625
0 0.29453125 0.38828125 0.04375 0.03828125
0 0.30390625 0.35078125 0.04453125 0.084375
0 0.34375 0.3421875 0.0296875 0.05625
0 0.353125 0.38828125 0.0421875 0.053125
0 0.38671875 0.33203125 0.03046875 0.0546875
0 0.40078125 0.37109375 0.04609375 0.03671875
0 0.4234375 0.3296875 0.0296875 0.04609375
0 0.4453125 0.365625 0.04765625 0.03671875
0 0.47578125 0.35859375 0.03671875 0.05
0 0.484375 0.3125 0.0515625 0.03828125
0 0.51484375 0.36328125 0.04140625 0.04375
0 0.53203125 0.3203125 0.034375 0.053125
0 0.55234375 0.3609375 0.0421875 0.04609375
0 0.59609375 0.35703125 0.03515625 0.03828125
0 0.6375 0.35390625 0.034375 0.04765625
0 0.8234375 0.41953125 0.0375 0.07109375
0 0.93203125 0.43046875 0.0453125 0.11171875