0 0.0875 0.64140625 0.1234375 0.36171875
0 0.04765625 0.41796875 0.07890625 0.19296875
0 0.10625 0.47109375 0.03359375 0.0984375
0 0.146875 0.4921875 0.03984375 0.08984375
0 0.29375 0.675 0.1921875 0.603125
0 0.3578125 0.6828125 0.07890625 0.50078125
0 0.38828125 0.43828125 0.0265625 0.03828125
0 0.5203125 0.71953125 0.2484375 0.56015625
0 0.5359375 0.66796875 0.23515625 0.66171875
0 0.4921875 0.47890625 0.0796875 0.1625
0 0.59140625 0.396875 0.0484375 0.084375
0 0.803125 0.59140625 0.33828125 0.815625
0 0.890625 0.63359375 0.2171875 0.73046875