0 0.12421875 0.79921875 0.18671875 0.32578125
0 0.04453125 0.42890625 0.05859375 0.25625
0 0.0953125 0.4484375 0.0453125 0.2203125
0 0.1265625 0.4296875 0.04609375 0.23203125
0 0.18203125 0.51328125 0.04765625 0.21796875
0 0.1859375 0.30234375 0.03203125 0.1796875
0 0.23359375 0.5171875 0.05625 0.19296875
0 0.240625 0.32109375 0.0203125 0.0921875
0 0.3015625 0.52109375 0.0609375 0.29296875
0 0.38203125 0.4921875 0.07578125 0.51484375
0 0.54609375 0.49765625 0.109375 0.42421875
0 0.6484375 0.4921875 0.0984375 0.39140625
0 0.8640625 0.32265625 0.24375 0.21171875