0 0.40859375 0.82109375 0.3296875 0.3546875
0 0.11171875 0.84375 0.2234375 0.31015625
0 0.05703125 0.440625 0.1125 0.2578125
0 0.09375 0.23515625 0.084375 0.07109375
0 0.1484375 0.72265625 0.15390625 0.35390625
0 0.1484375 0.29296875 0.0828125 0.17890625
0 0.1875 0.1328125 0.03203125 0.11875
0 0.2046875 0.25859375 0.04453125 0.13203125
0 0.26875 0.19453125 0.02734375 0.0734375
0 0.30234375 0.1953125 0.05625 0.0859375
0 0.325 0.1765625 0.0265625 0.03125
0 0.36640625 0.32890625 0.07578125 0.30546875
0 0.4671875 0.45546875 0.128125 0.26953125
0 0.46171875 0.21171875 0.10234375 0.15390625
0 0.540625 0.3171875 0.08203125 0.0765625
0 0.56875 0.28125 0.0359375 0.07109375
0 0.6484375 0.18125 0.14375 0.11328125
0 0.6265625 0.275 0.0890625 0.0953125
0 0.68046875 0.5296875 0.13515625 0.1484375
0 0.76796875 0.35 0.08828125 0.1171875
0 0.7828125 0.19453125 0.09765625 0.11875
0 0.78515625 0.434375 0.08984375 0.13125
0 0.84296875 0.64765625 0.171875 0.3234375
0 0.875 0.296875 0.121875 0.17578125
0 0.86015625 0.39921875 0.08359375 0.12890625
0 0.9296875 0.2296875 0.08984375 0.16328125
0 0.9765625 0.28828125 0.0453125 0.14609375