0 0.28984375 0.57890625 0.49140625 0.28203125
0 0.21015625 0.84765625 0.0734375 0.19609375
0 0.271875 0.93125 0.15234375 0.12890625
0 0.415625 0.7796875 0.13515625 0.24296875
0 0.5640625 0.6390625 0.04375 0.153125
0 0.6125 0.67109375 0.04453125 0.0625
0 0.66015625 0.66640625 0.0421875 0.03828125
0 0.77421875 0.9359375 0.234375 0.1265625
0 0.7 0.64765625 0.03984375 0.046875
0 0.73828125 0.62109375 0.03203125 0.0828125
0 0.76015625 0.634375 0.0265625 0.0515625
0 0.784375 0.64765625 0.04765625 0.0578125
0 0.89921875 0.578125 0.2 0.19609375
0 0.915625 0.44296875 0.14296875 0.05
0 0.95546875 0.89140625 0.0875 0.21484375