0 0.625 0.5 0.09609375 0.68125
0 0.103125 0.7796875 0.20546875 0.4390625
0 0.11796875 0.7734375 0.17578125 0.4515625
0 0.16875 0.675 0.10390625 0.43046875
0 0.2375 0.7359375 0.1921875 0.509375
0 0.3390625 0.715625 0.2140625 0.45
0 0.303125 0.32890625 0.07421875 0.1734375
0 0.4078125 0.72890625 0.25625 0.403125
0 0.33671875 0.44140625 0.06328125 0.12890625
0 0.4015625 0.43671875 0.14765625 0.4453125
0 0.39296875 0.60859375 0.11640625 0.225
0 0.4265625 0.33046875 0.078125 0.33515625
0 0.51484375 0.48203125 0.1265625 0.2484375
0 0.5375 0.4515625 0.10546875 0.23671875
0 0.70390625 0.4890625 0.1203125 0.2109375