0 0.57578125 0.6078125 0.31875 0.6359375
0 0.075 0.746875 0.15 0.21484375
0 0.07421875 0.840625 0.13828125 0.3171875
0 0.0671875 0.6234375 0.0953125 0.109375
0 0.12265625 0.43046875 0.11328125 0.33515625
0 0.2625 0.6453125 0.29765625 0.70703125
0 0.4453125 0.41640625 0.14375 0.58125
0 0.52734375 0.37890625 0.04140625 0.20234375
0 0.7625 0.45859375 0.1453125 0.403125
0 0.85625 0.71640625 0.2859375 0.55
0 0.8671875 0.565625 0.2640625 0.4859375
0 0.909375 0.33828125 0.0796875 0.16328125
0 0.9703125 0.40234375 0.05546875 0.209375