0 0.0109375 0.465625 0.021875 0.23984375
0 0.11796875 0.71640625 0.2359375 0.565625
0 0.16328125 0.421875 0.08125 0.12109375
0 0.26875 0.43515625 0.23046875 0.31328125
0 0.3703125 0.7984375 0.4 0.4015625
0 0.62109375 0.76640625 0.41484375 0.465625
0 0.5703125 0.44296875 0.30234375 0.5796875
0 0.68125 0.43671875 0.034375 0.109375
0 0.728125 0.4421875 0.0421875 0.17109375
0 0.75703125 0.61640625 0.0796875 0.26875
0 0.77890625 0.553125 0.07109375 0.353125
0 0.8046875 0.47578125 0.06640625 0.24609375
0 0.8640625 0.4578125 0.0828125 0.1515625
0 0.94296875 0.503125 0.0921875 0.2109375