0 0.065625 0.63046875 0.10625 0.36328125
0 0.31796875 0.4796875 0.03828125 0.1109375
0 0.359375 0.51953125 0.0578125 0.06796875
0 0.3921875 0.6375 0.08671875 0.22109375
0 0.4484375 0.55703125 0.04296875 0.08359375
0 0.5578125 0.5625 0.0734375 0.10546875
0 0.6328125 0.5390625 0.0390625 0.07109375
0 0.7078125 0.68125 0.16796875 0.25546875
0 0.65390625 0.52734375 0.0140625 0.0390625
0 0.78125 0.559375 0.0390625 0.05703125
0 0.80234375 0.51640625 0.0203125 0.04296875
0 0.8609375 0.55234375 0.0484375 0.09765625
0 0.91015625 0.5703125 0.07578125 0.1
0 0.8953125 0.53203125 0.03515625 0.0578125
0 0.94140625 0.615625 0.11640625 0.0953125
0 0.9453125 0.68671875 0.10859375 0.26640625