0 0.0765625 0.7546875 0.12578125 0.4578125
0 0.021875 0.61328125 0.04140625 0.07109375
0 0.165625 0.55546875 0.0171875 0.03671875
0 0.228125 0.66328125 0.08125 0.17421875
0 0.21015625 0.5578125 0.015625 0.02890625
0 0.25859375 0.65234375 0.10078125 0.184375
0 0.3125 0.6921875 0.17578125 0.31015625
0 0.36484375 0.5515625 0.03515625 0.09296875
0 0.396875 0.6109375 0.065625 0.15703125
0 0.4484375 0.7140625 0.1265625 0.34765625
0 0.48828125 0.6015625 0.06171875 0.1484375
0 0.51796875 0.5703125 0.0390625 0.065625
0 0.57578125 0.77421875 0.1484375 0.203125
0 0.53671875 0.590625 0.0609375 0.215625
0 0.6796875 0.840625 0.25625 0.31640625
0 0.7984375 0.73125 0.1421875 0.18046875
0 0.940625 0.83984375 0.0734375 0.31796875
0 0.94140625 0.7234375 0.071875 0.17890625