0 0.90546875 0.56171875 0.1671875 0.8765625
0 0.04296875 0.27734375 0.0859375 0.27421875
0 0.21875 0.60625 0.4375 0.784375
0 0.09375 0.30078125 0.0578125 0.12421875
0 0.1296875 0.265625 0.034375 0.0765625
0 0.2953125 0.459375 0.1703125 0.61015625
0 0.3578125 0.4359375 0.11171875 0.51484375
0 0.43984375 0.3765625 0.1453125 0.46484375
0 0.4421875 0.38671875 0.1390625 0.475
0 0.63046875 0.565625 0.2984375 0.86640625
0 0.534375 0.3609375 0.09296875 0.321875
0 0.725 0.3015625 0.05625 0.18828125
0 0.77578125 0.35703125 0.0765625 0.29921875
0 0.81484375 0.3515625 0.0640625 0.3109375
0 0.84296875 0.32734375 0.0640625 0.28984375
0 0.88515625 0.353125 0.06953125 0.271875