0 0.12109375 0.86796875 0.2421875 0.2625
0 0.0390625 0.5078125 0.0546875 0.06796875
0 0.1078125 0.59140625 0.1203125 0.18046875
0 0.203125 0.8265625 0.22421875 0.3390625
0 0.1453125 0.51328125 0.0390625 0.09453125
0 0.246875 0.61953125 0.1671875 0.22578125
0 0.24921875 0.50078125 0.028125 0.05
0 0.3234375 0.56328125 0.13046875 0.15234375
0 0.39765625 0.540625 0.0609375 0.071875
0 0.41953125 0.51328125 0.04609375 0.0640625
0 0.4234375 0.409375 0.0375 0.08984375
0 0.5203125 0.465625 0.01796875 0.03125
0 0.6421875 0.68515625 0.2484375 0.28359375
0 0.54921875 0.50234375 0.03984375 0.06484375
0 0.6765625 0.63203125 0.14375 0.19765625
0 0.6265625 0.52578125 0.0390625 0.0625
0 0.703125 0.47109375 0.0296875 0.03828125
0 0.7296875 0.47890625 0.0390625 0.05859375
0 0.79921875 0.5296875 0.15 0.11953125
0 0.8015625 0.48125 0.03203125 0.0625
0 0.8203125 0.49609375 0.03046875 0.06328125
0 0.8640625 0.5140625 0.09765625 0.1
0 0.9328125 0.5125 0.10234375 0.08828125
0 0.92421875 0.7328125 0.0796875 0.1546875
0 0.95859375 0.4890625 0.05390625 0.04609375
0 0.96953125 0.76875 0.06015625 0.34765625