0 0.83203125 0.49453125 0.08984375 0.18046875
0 0.0359375 0.21171875 0.07109375 0.234375
0 0.08359375 0.51328125 0.1140625 0.11328125
0 0.25078125 0.55703125 0.33671875 0.884375
0 0.4578125 0.45546875 0.12734375 0.15234375
0 0.5171875 0.49921875 0.18515625 0.0828125
0 0.584375 0.646875 0.165625 0.13046875
0 0.5515625 0.378125 0.07734375 0.115625
0 0.68125 0.5328125 0.128125 0.20078125
0 0.6765625 0.3234375 0.075 0.0921875
0 0.7234375 0.37109375 0.1109375 0.1046875
0 0.83046875 0.4109375 0.08828125 0.1015625
0 0.84765625 0.19921875 0.06328125 0.1171875
0 0.92265625 0.46171875 0.09375 0.11015625
0 0.96953125 0.3953125 0.059375 0.12265625
0 0.9796875 0.18203125 0.0359375 0.13984375