0 0.55234375 0.6015625 0.13515625 0.1546875
0 0.1484375 0.59375 0.0359375 0.0671875
0 0.21015625 0.590625 0.03203125 0.06015625
0 0.31640625 0.6609375 0.1390625 0.0875
0 0.2625 0.559375 0.0265625 0.034375
0 0.3515625 0.6109375 0.1046875 0.11796875
0 0.39453125 0.58828125 0.04609375 0.0921875
0 0.4640625 0.66484375 0.153125 0.0546875
0 0.46640625 0.57421875 0.06171875 0.0828125
0 0.49375 0.5578125 0.0390625 0.0640625
0 0.596875 0.55234375 0.040625 0.06171875
0 0.82890625 0.5234375 0.05234375 0.0546875
0 0.8640625 0.61796875 0.1046875 0.059375
0 0.9265625 0.5875 0.08828125 0.09453125
0 0.92890625 0.52734375 0.0578125 0.0703125
0 0.92578125 0.4984375 0.0328125 0.0421875