0 0.0609375 0.48203125 0.121875 0.4109375
0 0.2421875 0.7390625 0.48359375 0.51796875
0 0.16796875 0.61875 0.215625 0.5640625
0 0.2296875 0.209375 0.175 0.1828125
0 0.40234375 0.50234375 0.23515625 0.27578125
0 0.35078125 0.2734375 0.103125 0.1390625
0 0.3734375 0.165625 0.0765625 0.1421875
0 0.575 0.7828125 0.428125 0.43125
0 0.446875 0.37578125 0.12265625 0.19296875
0 0.54765625 0.31875 0.146875 0.23203125
0 0.57734375 0.128125 0.0640625 0.16796875
0 0.6921875 0.7859375 0.23359375 0.425
0 0.67109375 0.36328125 0.13203125 0.33828125
0 0.784375 0.44296875 0.27421875 0.3265625
0 0.8828125 0.76640625 0.23046875 0.4640625
0 0.8609375 0.32578125 0.16328125 0.26015625
0 0.89765625 0.22265625 0.20078125 0.40703125