0 0.0125 0.56015625 0.025 0.23984375
0 0.06484375 0.71640625 0.071875 0.5625
0 0.16484375 0.7421875 0.22421875 0.51328125
0 0.14453125 0.5703125 0.078125 0.1875
0 0.3703125 0.75546875 0.49609375 0.4875
0 0.284375 0.59453125 0.04765625 0.12421875
0 0.35390625 0.6609375 0.1125 0.1875
0 0.51484375 0.71171875 0.06484375 0.22109375
0 0.6828125 0.89609375 0.16484375 0.20625
0 0.69609375 0.80078125 0.15546875 0.2
0 0.81015625 0.55625 0.37890625 0.1359375
0 0.6828125 0.60703125 0.01953125 0.0765625
0 0.715625 0.5984375 0.0234375 0.05859375
0 0.74375 0.62109375 0.03203125 0.08671875
0 0.8359375 0.915625 0.20859375 0.16640625
0 0.79921875 0.790625 0.084375 0.12578125
0 0.77578125 0.63515625 0.021875 0.08984375
0 0.8109375 0.5484375 0.02109375 0.0734375
0 0.815625 0.6484375 0.01953125 0.08359375
0 0.8484375 0.77734375 0.03515625 0.13203125
0 0.8546875 0.64296875 0.0265625 0.0953125
0 0.89609375 0.66875 0.021875 0.0921875
0 0.9515625 0.6484375 0.02109375 0.1109375
0 0.97578125 0.85703125 0.04765625 0.1453125
0 0.97578125 0.63671875 0.01640625 0.0921875