0 0.1421875 0.696875 0.23984375 0.4734375
0 0.28203125 0.94140625 0.1890625 0.11328125
0 0.3046875 0.74296875 0.17109375 0.3765625
0 0.29375 0.425 0.13984375 0.25703125
0 0.3734375 0.7265625 0.24609375 0.4296875
0 0.53046875 0.95078125 0.23125 0.0953125
0 0.58359375 0.73046875 0.1625 0.425
0 0.63203125 0.653125 0.08359375 0.50703125
0 0.6765625 0.63984375 0.04609375 0.4734375
0 0.81953125 0.77265625 0.08125 0.378125
0 0.93046875 0.6328125 0.1359375 0.4015625
0 0.94296875 0.69296875 0.1109375 0.36640625