1 0.0640625 0.18515625 0.12734375 0.0921875
1 0.084375 0.62109375 0.16875 0.084375
1 0.14375 0.79609375 0.2875 0.115625
1 0.15546875 0.70859375 0.3109375 0.13203125
1 0.065625 0.27734375 0.10703125 0.08984375
1 0.21328125 0.22890625 0.22578125 0.084375
1 0.2265625 0.121875 0.2140625 0.07109375
1 0.61640625 0.525 0.765625 0.3
1 0.5265625 0.6265625 0.5625 0.190625
1 0.57421875 0.9265625 0.51953125 0.1453125
1 0.40859375 0.1625 0.10390625 0.22890625
1 0.684375 0.31484375 0.6296875 0.16484375
1 0.91640625 0.728125 0.165625 0.1484375