0 0.928125 0.40546875 0.10703125 0.45859375
0 0.0515625 0.39296875 0.103125 0.3453125
0 0.13125 0.3328125 0.071875 0.178125
0 0.21171875 0.61328125 0.14765625 0.45
0 0.1734375 0.29375 0.021875 0.11484375
0 0.32890625 0.6953125 0.2203125 0.5125
0 0.27109375 0.42265625 0.08046875 0.1875
0 0.27421875 0.28984375 0.040625 0.06640625
0 0.32265625 0.3578125 0.0515625 0.10625
0 0.51875 0.65625 0.1609375 0.51640625
0 0.6015625 0.375 0.0734375 0.0921875
0 0.6671875 0.65234375 0.1609375 0.49375
0 0.6734375 0.25703125 0.0765625 0.109375
0 0.7625 0.39453125 0.13046875 0.34453125
0 0.8453125 0.40546875 0.1203125 0.31171875