0 0.85390625 0.646875 0.28203125 0.69765625
0 0.03203125 0.75859375 0.0640625 0.48046875
0 0.084375 0.63984375 0.16875 0.290625
0 0.1921875 0.3515625 0.384375 0.0625
0 0.18515625 0.69296875 0.11015625 0.359375
0 0.2359375 0.5546875 0.0296875 0.12421875
0 0.2453125 0.69140625 0.0421875 0.0578125
0 0.2578125 0.60390625 0.025 0.1546875
0 0.2921875 0.628125 0.07109375 0.26796875
0 0.3 0.3890625 0.00390625 0.0171875
0 0.34765625 0.5453125 0.075 0.06015625
0 0.409375 0.7 0.1640625 0.321875
0 0.33828125 0.3859375 0.00234375 0.01953125
0 0.40703125 0.40703125 0.009375 0.02578125
0 0.46640625 0.64609375 0.10703125 0.29296875
0 0.44453125 0.38984375 0.00703125 0.01953125
0 0.46484375 0.36328125 0.00234375 0.00703125
0 0.603125 0.31484375 0.253125 0.0203125
0 0.4859375 0.3921875 0.00390625 0.02109375
0 0.4953125 0.3859375 0.00390625 0.015625
0 0.5078125 0.3953125 0.00390625 0.021875
0 0.54921875 0.57890625 0.05234375 0.05
0 0.559375 0.65390625 0.059375 0.07421875
0 0.534375 0.4078125 0.0078125 0.02734375
0 0.5796875 0.5859375 0.0234375 0.05
0 0.65234375 0.35546875 0.1484375 0.02578125
0 0.58125 0.38515625 0.00234375 0.0140625
0 0.5875 0.39453125 0.0046875 0.01328125
0 0.61640625 0.65703125 0.05078125 0.0671875
0 0.63515625 0.4109375 0.0109375 0.03046875
0 0.659375 0.68515625 0.046875 0.1890625
0 0.7140625 0.67578125 0.08125 0.2734375
0 0.759375 0.59765625 0.0328125 0.096875
0 0.8390625 0.46328125 0.0859375 0.12421875
0 0.903125 0.25859375 0.1921875 0.0546875