0 0.2859375 0.6828125 0.2765625 0.53671875
0 0.0140625 0.2984375 0.02734375 0.20546875
0 0.0828125 0.6890625 0.165625 0.61875
0 0.05 0.3015625 0.0890625 0.2109375
0 0.07890625 0.3515625 0.071875 0.084375
0 0.13046875 0.30703125 0.08671875 0.2140625
0 0.1703125 0.3734375 0.06875 0.1640625
0 0.21328125 0.5265625 0.1453125 0.4453125
0 0.29453125 0.35703125 0.08046875 0.2046875
0 0.32109375 0.25 0.04609375 0.1265625
0 0.36171875 0.4 0.09296875 0.19609375
0 0.48359375 0.671875 0.28828125 0.6546875
0 0.384375 0.290625 0.06953125 0.24296875
0 0.4625 0.32265625 0.06171875 0.0921875
0 0.48203125 0.26796875 0.06484375 0.26015625
0 0.7515625 0.5625 0.4515625 0.87265625