0 0.25625 0.73828125 0.13203125 0.228125
0 0.11640625 0.3453125 0.11640625 0.10234375
0 0.12265625 0.76328125 0.1234375 0.2
0 0.15390625 0.58203125 0.1578125 0.2171875
0 0.15546875 0.18671875 0.11640625 0.071875
0 0.22734375 0.35234375 0.12578125 0.10234375
0 0.30546875 0.55 0.22265625 0.21328125
0 0.4375 0.3953125 0.225 0.26328125
0 0.58828125 0.6328125 0.22734375 0.40625
0 0.65625 0.33671875 0.15078125 0.075
0 0.7328125 0.66171875 0.16171875 0.41328125
0 0.74296875 0.18828125 0.16171875 0.07578125
0 0.76015625 0.3328125 0.10703125 0.0734375