1 0.64453125 0.596875 0.303125 0.07734375
1 0.653125 0.38046875 0.3171875 0.05859375
1 0.6234375 0.5203125 0.25625 0.07890625
1 0.65625 0.30390625 0.31875 0.0734375
1 0.61640625 0.65546875 0.2359375 0.11015625
1 0.64296875 0.453125 0.26953125 0.0828125
1 0.6765625 0.790625 0.2140625 0.04609375
1 0.846875 0.5875 0.0421875 0.453125
1 0.85078125 0.578125 0.01953125 0.4796875
1 0.86953125 0.5578125 0.03828125 0.4859375
1 0.87578125 0.55859375 0.05 0.4875
1 0.865625 0.5421875 0.00234375 0.5171875
1 0.871875 0.56796875 0.0140625 0.44375