0 0.525 0.80546875 0.2015625 0.384375
0 0.07109375 0.7265625 0.1421875 0.246875
0 0.16640625 0.553125 0.0515625 0.11015625
0 0.203125 0.584375 0.0609375 0.11328125
0 0.2703125 0.5359375 0.10625 0.1375
0 0.2859375 0.65546875 0.05 0.13984375
0 0.309375 0.68984375 0.096875 0.17890625
0 0.32578125 0.50078125 0.07734375 0.09140625
0 0.3953125 0.77421875 0.1421875 0.22265625
0 0.40078125 0.46484375 0.0515625 0.10859375
0 0.45546875 0.51328125 0.0484375 0.15234375
0 0.4890625 0.590625 0.06328125 0.10546875
0 0.51640625 0.4953125 0.0546875 0.1328125
0 0.5328125 0.61171875 0.0828125 0.07890625
0 0.53359375 0.4546875 0.03359375 0.11015625
0 0.56640625 0.4921875 0.03984375 0.12265625
0 0.590625 0.50078125 0.0671875 0.11171875
0 0.6171875 0.6578125 0.09375 0.1015625
0 0.70703125 0.8828125 0.2515625 0.2328125
0 0.63359375 0.47109375 0.0453125 0.11640625
0 0.71953125 0.7046875 0.1421875 0.14140625
0 0.8546875 0.75234375 0.1671875 0.21796875
0 0.81015625 0.478125 0.03125 0.09140625
0 0.83515625 0.496875 0.07890625 0.15859375