0 0.04375 0.75546875 0.0859375 0.4625
0 0.0625 0.66640625 0.1078125 0.4265625
0 0.0484375 0.3640625 0.0640625 0.15234375
0 0.13046875 0.7328125 0.1046875 0.3859375
0 0.1234375 0.55859375 0.0703125 0.21875
0 0.16953125 0.83359375 0.15234375 0.33125
0 0.175 0.5109375 0.0765625 0.18671875
0 0.15390625 0.4953125 0.0296875 0.10703125
0 0.234375 0.5265625 0.1078125 0.20859375
0 0.32109375 0.50625 0.190625 0.43203125
0 0.33046875 0.73359375 0.2078125 0.4921875
0 0.371875 0.64921875 0.0671875 0.228125
0 0.47265625 0.6046875 0.14375 0.35546875
0 0.67421875 0.6359375 0.0765625 0.31015625
0 0.88125 0.4203125 0.2359375 0.45078125