0 0.140625 0.67421875 0.25078125 0.5734375
0 0.0890625 0.28359375 0.09296875 0.20859375
0 0.16953125 0.1984375 0.12890625 0.1546875
0 0.2296875 0.16875 0.08359375 0.17265625
0 0.284375 0.13359375 0.05703125 0.08046875
0 0.384375 0.12734375 0.0296875 0.08984375
0 0.5421875 0.765625 0.30625 0.46640625
0 0.44375 0.14765625 0.05703125 0.1171875
0 0.5515625 0.371875 0.12421875 0.26953125
0 0.696875 0.6765625 0.2546875 0.64609375
0 0.628125 0.24453125 0.090625 0.22109375
0 0.70546875 0.3046875 0.134375 0.27890625
0 0.80625 0.5359375 0.21953125 0.575
0 0.8203125 0.09296875 0.071875 0.103125
0 0.91953125 0.5484375 0.159375 0.69765625
0 0.925 0.2171875 0.1484375 0.240625