0 0.1546875 0.68671875 0.27734375 0.61796875
0 0.3375 0.78515625 0.2890625 0.41796875
0 0.346875 0.69453125 0.2953125 0.39609375
0 0.3921875 0.67109375 0.20703125 0.22578125
0 0.34921875 0.60390625 0.0796875 0.11171875
0 0.39453125 0.61171875 0.06953125 0.0890625
0 0.475 0.66640625 0.04453125 0.1125
0 0.47890625 0.63984375 0.053125 0.0859375
0 0.5484375 0.7234375 0.1421875 0.3046875
0 0.51484375 0.628125 0.03046875 0.06328125
0 0.59140625 0.66484375 0.05546875 0.12265625
0 0.62578125 0.6609375 0.0828125 0.16328125
0 0.79140625 0.83125 0.409375 0.32890625
0 0.7109375 0.6515625 0.0796875 0.1
0 0.85625 0.77421875 0.21796875 0.4359375
0 0.93125 0.790625 0.1359375 0.3359375