0 0.02265625 0.628125 0.0453125 0.146875
0 0.0390625 0.715625 0.07734375 0.2046875
0 0.08984375 0.85 0.16484375 0.296875
0 0.0828125 0.68828125 0.05625 0.10703125
0 0.1984375 0.746875 0.13125 0.103125
0 0.19921875 0.73671875 0.0859375 0.20703125
0 0.3046875 0.6609375 0.06640625 0.23203125
0 0.4453125 0.628125 0.0328125 0.19296875
0 0.4609375 0.65390625 0.06484375 0.25859375
0 0.50703125 0.67734375 0.0484375 0.28515625
0 0.55703125 0.69453125 0.0640625 0.321875
0 0.57578125 0.56171875 0.0265625 0.103125
0 0.5921875 0.596875 0.0265625 0.103125
0 0.6078125 0.6046875 0.02734375 0.1296875
0 0.65390625 0.62421875 0.075 0.178125
0 0.64140625 0.59765625 0.0375 0.15859375
0 0.675 0.7640625 0.1046875 0.41484375