0 0.40078125 0.5390625 0.63359375 0.8921875
0 0.07578125 0.15390625 0.1515625 0.1625
0 0.159375 0.16640625 0.06796875 0.05703125
0 0.190625 0.2796875 0.1125 0.12421875
0 0.240625 0.075 0.0453125 0.15
0 0.64609375 0.178125 0.04453125 0.0515625
0 0.6875 0.28203125 0.0890625 0.1359375
0 0.73828125 0.24140625 0.1015625 0.06796875
0 0.80625 0.36484375 0.096875 0.11953125
0 0.8046875 0.24296875 0.08359375 0.071875
0 0.884375 0.703125 0.2296875 0.50234375
0 0.80078125 0.45546875 0.0484375 0.11796875
0 0.8484375 0.4671875 0.08515625 0.1
0 0.88125 0.25859375 0.053125 0.05
0 0.92890625 0.26328125 0.0484375 0.05
0 0.9390625 0.196875 0.04921875 0.04140625
0 0.971875 0.27890625 0.0234375 0.02890625