0 0.49921875 0.93046875 0.06484375 0.11328125
0 0.01015625 0.91953125 0.0203125 0.0921875
0 0.1453125 0.9640625 0.24453125 0.0703125
0 0.18984375 0.92265625 0.128125 0.09453125
0 0.59140625 0.94140625 0.078125 0.115625
0 0.61875 0.88671875 0.02734375 0.040625
0 0.64140625 0.89140625 0.01875 0.03828125
0 0.7 0.92109375 0.03984375 0.109375
0 0.75703125 0.928125 0.05234375 0.0828125
0 0.80234375 0.890625 0.01875 0.03203125
0 0.84453125 0.9359375 0.071875 0.12578125
0 0.87265625 0.934375 0.0375 0.12265625