0 0.0234375 0.0890625 0.046875 0.096875
0 0.03203125 0.278125 0.0640625 0.2859375
0 0.0421875 0.484375 0.084375 0.265625
0 0.0296875 0.72734375 0.05234375 0.3546875
0 0.0609375 0.27578125 0.084375 0.36171875
0 0.09453125 0.61640625 0.128125 0.184375
0 0.0921875 0.7640625 0.0703125 0.32734375
0 0.146875 0.8921875 0.1578125 0.21328125
0 0.13515625 0.29296875 0.090625 0.3234375
0 0.140625 0.48671875 0.10078125 0.2125
0 0.1625 0.7671875 0.09453125 0.22734375
0 0.1765625 0.678125 0.10546875 0.221875
0 0.24765625 0.49375 0.10078125 0.284375
0 0.2671875 0.7796875 0.1125 0.28046875
0 0.30234375 0.30546875 0.0890625 0.36953125
0 0.3375 0.54453125 0.09453125 0.31171875
0 0.359375 0.8265625 0.12265625 0.19453125
0 0.3828125 0.68984375 0.12109375 0.1859375
0 0.38125 0.49609375 0.0734375 0.26640625
0 0.390625 0.325 0.059375 0.3734375
0 0.4578125 0.89765625 0.14765625 0.203125
0 0.48984375 0.39375 0.09921875 0.390625
0 0.546875 0.515625 0.084375 0.36171875
0 0.565625 0.428125 0.09453125 0.4046875
0 0.6015625 0.90859375 0.15234375 0.18046875
0 0.63203125 0.51171875 0.09296875 0.3578125
0 0.66015625 0.72109375 0.09921875 0.1609375
0 0.7328125 0.865625 0.1109375 0.26640625
0 0.73984375 0.4703125 0.1078125 0.346875
0 0.79375 0.59296875 0.11875 0.26953125
0 0.8640625 0.95390625 0.0859375 0.090625
0 0.95078125 0.8375 0.096875 0.3234375