0 0.4375 0.63359375 0.1125 0.5609375
0 0.090625 0.590625 0.13984375 0.115625
0 0.121875 0.65390625 0.1046875 0.084375
0 0.253125 0.58984375 0.20859375 0.32578125
0 0.41875 0.4515625 0.0265625 0.04609375
0 0.5140625 0.52109375 0.05390625 0.0609375
0 0.5109375 0.52421875 0.034375 0.025
0 0.5953125 0.64921875 0.14609375 0.14453125
0 0.62734375 0.5453125 0.06015625 0.13359375
0 0.73203125 0.71328125 0.1609375 0.20703125
0 0.878125 0.70078125 0.1890625 0.30546875
0 0.928125 0.79609375 0.1421875 0.215625
0 0.88828125 0.2859375 0.0328125 0.0515625
0 0.91015625 0.4734375 0.02890625 0.053125
0 0.92109375 0.44921875 0.0265625 0.08984375
0 0.94609375 0.24375 0.0453125 0.0984375