0 0.31015625 0.08046875 0.14140625 0.1015625
0 0.02578125 0.08359375 0.05078125 0.128125
0 0.06328125 0.0796875 0.0984375 0.11640625
0 0.12734375 0.034375 0.07265625 0.06875
0 0.1765625 0.06953125 0.10625 0.090625
0 0.2046875 0.09296875 0.07109375 0.08203125
0 0.2640625 0.05078125 0.08828125 0.08671875
0 0.65234375 0.20546875 0.53984375 0.32109375
0 0.4546875 0.07421875 0.06953125 0.1234375
0 0.53203125 0.05234375 0.08515625 0.09375
0 0.53515625 0.1015625 0.090625 0.07890625
0 0.82578125 0.09140625 0.1390625 0.0984375
0 0.85078125 0.7171875 0.08046875 0.1078125
0 0.859375 0.0578125 0.0828125 0.10078125
0 0.94453125 0.7140625 0.10859375 0.1140625
0 0.946875 0.07734375 0.10390625 0.146875