0 0.803125 0.7265625 0.2328125 0.53046875
0 0.021875 0.51796875 0.04296875 0.10859375
0 0.11015625 0.72109375 0.21953125 0.55390625
0 0.2703125 0.55859375 0.18828125 0.88125
0 0.34140625 0.35234375 0.06171875 0.15
0 0.40078125 0.33671875 0.08828125 0.1609375
0 0.43046875 0.32265625 0.04765625 0.115625
0 0.55625 0.6921875 0.2578125 0.55390625
0 0.4828125 0.340625 0.0515625 0.1625
0 0.509375 0.31875 0.0265625 0.06015625
0 0.58125 0.3234375 0.03046875 0.0578125
0 0.65703125 0.32109375 0.0390625 0.06171875
0 0.740625 0.36328125 0.0421875 0.103125