0 0.0203125 0.28203125 0.03984375 0.109375
0 0.04765625 0.3953125 0.0953125 0.1484375
0 0.128125 0.28671875 0.021875 0.1
0 0.26796875 0.33203125 0.1078125 0.30546875
0 0.4953125 0.6015625 0.3484375 0.4421875
0 0.55234375 0.43046875 0.18515625 0.31171875
0 0.59609375 0.42421875 0.2046875 0.27578125
0 0.58203125 0.27265625 0.03046875 0.109375
0 0.62421875 0.25859375 0.03359375 0.05546875
0 0.6734375 0.2921875 0.0640625 0.21875
0 0.71875 0.24453125 0.028125 0.053125
0 0.784375 0.2859375 0.0609375 0.25625
0 0.840625 0.2765625 0.0265625 0.06171875
0 0.9015625 0.34453125 0.1015625 0.13515625