1 0.040625 0.1734375 0.08046875 0.10625
1 0.203125 0.61875 0.40625 0.065625
1 0.140625 0.453125 0.2734375 0.14609375
1 0.2375 0.309375 0.46484375 0.034375
1 0.03671875 0.15078125 0.0609375 0.26328125
1 0.075 0.178125 0.07578125 0.33046875
1 0.21953125 0.23046875 0.19296875 0.26953125
1 0.2203125 0.2375 0.1109375 0.33828125
1 0.3640625 0.2046875 0.08984375 0.2109375
1 0.5953125 0.37890625 0.3890625 0.18125
1 0.52265625 0.48203125 0.1046875 0.2890625
1 0.75 0.71640625 0.4984375 0.21953125
1 0.5625 0.30546875 0.1078125 0.1671875
1 0.646875 0.78515625 0.24140625 0.159375
1 0.72265625 0.59765625 0.02265625 0.15390625
1 0.77265625 0.2765625 0.06640625 0.08515625
1 0.87734375 0.25859375 0.2046875 0.24921875