0 0.22109375 0.3234375 0.03203125 0.09921875
0 0.31640625 0.71875 0.1390625 0.2734375
0 0.26015625 0.31953125 0.02265625 0.11796875
0 0.3484375 0.446875 0.1046875 0.346875
0 0.39375 0.721875 0.09609375 0.25859375
0 0.4203125 0.3921875 0.0765625 0.3796875
0 0.4796875 0.6828125 0.134375 0.42265625
0 0.49453125 0.3984375 0.0875 0.36640625
0 0.58046875 0.73984375 0.1078125 0.23984375
0 0.5703125 0.40703125 0.07109375 0.4484375
0 0.653125 0.41875 0.09765625 0.43828125
0 0.6703125 0.7640625 0.1171875 0.2734375