0 0.9078125 0.61796875 0.14375 0.75625
0 0.040625 0.309375 0.08125 0.26875
0 0.11875 0.69453125 0.20234375 0.48671875
0 0.15390625 0.7578125 0.121875 0.3515625
0 0.16328125 0.44609375 0.09609375 0.20234375
0 0.16640625 0.38828125 0.09765625 0.2140625
0 0.18984375 0.24453125 0.06015625 0.11171875
0 0.246875 0.46484375 0.071875 0.2046875
0 0.26328125 0.33046875 0.0890625 0.17109375
0 0.2703125 0.28984375 0.09140625 0.20625
0 0.30703125 0.5 0.0921875 0.1484375
0 0.321875 0.30390625 0.08046875 0.11796875
0 0.39765625 0.4734375 0.10859375 0.1875
0 0.37578125 0.2421875 0.0578125 0.096875
0 0.38671875 0.3640625 0.071875 0.14296875
0 0.41015625 0.24921875 0.034375 0.0953125
0 0.45625 0.2609375 0.0578125 0.09765625
0 0.4671875 0.2203125 0.07109375 0.12265625
0 0.496875 0.4640625 0.10234375 0.1875
0 0.496875 0.33359375 0.0828125 0.17734375
0 0.50703125 0.253125 0.06171875 0.175
0 0.57734375 0.203125 0.078125 0.14765625
0 0.584375 0.4625 0.08046875 0.228125
0 0.58515625 0.3453125 0.06953125 0.18515625
0 0.59140625 0.24921875 0.0546875 0.16796875
0 0.63046875 0.38828125 0.05234375 0.1640625
0 0.6546875 0.2390625 0.0765625 0.1703125
0 0.671875 0.46484375 0.09609375 0.221875
0 0.67578125 0.365625 0.0703125 0.17421875
0 0.70625 0.23984375 0.0453125 0.1609375
0 0.7625 0.44140625 0.1265625 0.24296875
0 0.7421875 0.3109375 0.065625 0.10625
0 0.778125 0.24453125 0.08125 0.16328125
0 0.79765625 0.371875 0.06484375 0.2203125
0 0.83515625 0.3140625 0.0515625 0.13125
0 0.86015625 0.59453125 0.09140625 0.50390625
0 0.90546875 0.253125 0.05390625 0.1796875
0 0.896875 0.20078125 0.028125 0.08359375
0 0.92109375 0.13203125 0.03828125 0.10078125