0 0.6734375 0.6140625 0.13984375 0.7046875
0 0.0796875 0.4515625 0.0578125 0.3
0 0.15078125 0.70078125 0.12109375 0.5953125
0 0.19453125 0.38671875 0.04375 0.153125
0 0.2515625 0.6578125 0.11640625 0.68203125
0 0.2234375 0.32109375 0.02265625 0.0484375
0 0.2921875 0.425 0.07109375 0.18671875
0 0.28125 0.30859375 0.02734375 0.05703125
0 0.3984375 0.62890625 0.2328125 0.73828125
0 0.4171875 0.371875 0.11015625 0.3203125
0 0.5265625 0.37890625 0.12109375 0.2046875
0 0.53984375 0.6359375 0.13984375 0.5984375
0 0.8296875 0.434375 0.0796875 0.2984375