0 0.02109375 0.73984375 0.0421875 0.12890625
0 0.0609375 0.91640625 0.121875 0.165625
0 0.06171875 0.8984375 0.1125 0.1890625
0 0.06953125 0.803125 0.1234375 0.24140625
0 0.13515625 0.69765625 0.05390625 0.19453125
0 0.23828125 0.79921875 0.23046875 0.39921875
0 0.196875 0.5375 0.0734375 0.1390625
0 0.2984375 0.6671875 0.10234375 0.2625
0 0.4125 0.7953125 0.16796875 0.40703125
0 0.5046875 0.89140625 0.21015625 0.215625
0 0.5609375 0.884375 0.165625 0.2296875
0 0.565625 0.7421875 0.1140625 0.3546875
0 0.73671875 0.7421875 0.30234375 0.51328125
0 0.70625 0.6109375 0.08984375 0.10703125
0 0.75859375 0.65234375 0.078125 0.1296875
0 0.83203125 0.803125 0.1 0.39140625
0 0.93046875 0.78203125 0.13828125 0.434375
0 0.96484375 0.62265625 0.06875 0.1546875