1 0.028125 0.178125 0.0125 0.05703125
1 0.0296875 0.1796875 0.01640625 0.0640625
1 0.21640625 0.46796875 0.14765625 0.5859375
1 0.23671875 0.45234375 0.09140625 0.76796875
1 0.3 0.4453125 0.1265625 0.74921875
1 0.29765625 0.38359375 0.05625 0.64921875
1 0.45546875 0.44921875 0.1671875 0.765625
1 0.534375 0.446875 0.1671875 0.80859375
1 0.48125 0.46484375 0.03828125 0.8265625
1 0.50859375 0.5015625 0.034375 0.5015625
1 0.5265625 0.5375 0.05390625 0.690625
1 0.74453125 0.46328125 0.2234375 0.7703125
1 0.86484375 0.49375 0.23671875 0.84140625
1 0.78203125 0.41796875 0.0515625 0.7171875
1 0.85546875 0.521875 0.11875 0.84765625