0 0.29375 0.6609375 0.371875 0.67109375
0 0.0265625 0.115625 0.05234375 0.0734375
0 0.0484375 0.1171875 0.0359375 0.05390625
0 0.04140625 0.20234375 0.01953125 0.1109375
0 0.09375 0.1125 0.01796875 0.059375
0 0.14296875 0.1859375 0.0734375 0.1984375
0 0.1515625 0.125 0.0140625 0.046875
0 0.18125 0.18125 0.034375 0.1890625
0 0.2109375 0.12734375 0.04375 0.128125
0 0.25625 0.0984375 0.021875 0.05
0 0.33203125 0.16171875 0.021875 0.05078125
0 0.33359375 0.08515625 0.01953125 0.03671875
0 0.36640625 0.09375 0.01484375 0.02890625
0 0.3921875 0.18125 0.06640625 0.2078125
0 0.44921875 0.2265625 0.06796875 0.0984375
0 0.5484375 0.5328125 0.25625 0.31875
0 0.48828125 0.20703125 0.01015625 0.028125
0 0.5875 0.228125 0.059375 0.253125
0 0.740625 0.43671875 0.17578125 0.2765625
0 0.90625 0.1828125 0.0421875 0.11953125
0 0.9515625 0.2203125 0.02578125 0.040625