0 0.43046875 0.87890625 0.16953125 0.23046875
0 0.034375 0.91796875 0.06875 0.1625
0 0.05859375 0.8640625 0.1171875 0.27109375
0 0.1875 0.87109375 0.2015625 0.25703125
0 0.2078125 0.90546875 0.22734375 0.18671875
0 0.2578125 0.78828125 0.1234375 0.35859375
0 0.62109375 0.56328125 0.72890625 0.16171875
0 0.359375 0.8171875 0.10078125 0.3640625
0 0.4609375 0.73828125 0.1390625 0.20703125
0 0.56484375 0.71640625 0.08828125 0.23046875
0 0.6140625 0.915625 0.1578125 0.1671875
0 0.628125 0.76328125 0.13828125 0.2375
0 0.59921875 0.609375 0.0671875 0.140625
0 0.728125 0.8421875 0.17578125 0.3140625
0 0.78046875 0.71640625 0.121875 0.31015625
0 0.8828125 0.825 0.21328125 0.3484375
0 0.94375 0.71015625 0.11171875 0.32265625
0 0.9640625 0.59453125 0.0703125 0.1328125
0 0.984375 0.909375 0.0296875 0.171875