0 0.06015625 0.39921875 0.06328125 0.0734375
0 0.1640625 0.2953125 0.09375 0.23125
0 0.49609375 0.5609375 0.5421875 0.5796875
0 0.3671875 0.425 0.2671875 0.7046875
0 0.30625 0.31953125 0.0265625 0.0375
0 0.49375 0.2546875 0.02578125 0.03515625
0 0.59609375 0.371875 0.0453125 0.08515625
0 0.625 0.3546875 0.02265625 0.065625
0 0.665625 0.365625 0.05 0.10625
0 0.7265625 0.37265625 0.05625 0.12265625
0 0.71484375 0.36484375 0.01796875 0.06015625
0 0.86015625 0.25078125 0.034375 0.07734375
0 0.88828125 0.39453125 0.084375 0.0875
0 0.88515625 0.36015625 0.06875 0.10625
0 0.91328125 0.24140625 0.02109375 0.06796875
0 0.9453125 0.38125 0.0578125 0.11875
0 0.9296875 0.24140625 0.01171875 0.071875
0 0.93984375 0.278125 0.01953125 0.05703125
0 0.96953125 0.33125 0.021875 0.04765625
0 0.98828125 0.39375 0.02109375 0.08125