0 0.2203125 0.5375 0.27734375 0.9046875
0 0.040625 0.32109375 0.08125 0.2109375
0 0.0828125 0.57421875 0.15625 0.5515625
0 0.08515625 0.26484375 0.021875 0.06015625
0 0.1203125 0.2453125 0.04375 0.05859375
0 0.45 0.71171875 0.3484375 0.575
0 0.32109375 0.328125 0.07265625 0.140625
0 0.32421875 0.51015625 0.07890625 0.39609375
0 0.42890625 0.2953125 0.12265625 0.4484375
0 0.50390625 0.41171875 0.05546875 0.2015625
0 0.57578125 0.24765625 0.11640625 0.29453125
0 0.6125 0.6421875 0.16953125 0.59765625
0 0.6640625 0.6203125 0.2234375 0.65078125
0 0.64453125 0.265625 0.1234375 0.3
0 0.753125 0.54921875 0.2359375 0.53203125
0 0.7765625 0.6859375 0.2109375 0.51640625
0 0.85625 0.60078125 0.28671875 0.61484375
0 0.8625 0.8296875 0.26875 0.3359375
0 0.84375 0.25625 0.1671875 0.22578125