0 0.0359375 0.26015625 0.071875 0.2453125
0 0.14453125 0.60234375 0.28828125 0.40625
0 0.09921875 0.196875 0.0609375 0.10078125
0 0.2953125 0.20546875 0.04921875 0.08359375
0 0.340625 0.271875 0.08203125 0.071875
0 0.42109375 0.44453125 0.17109375 0.30390625
0 0.46796875 0.2734375 0.25390625 0.25234375
0 0.69296875 0.45703125 0.3234375 0.26796875
0 0.6875 0.26015625 0.10234375 0.225
0 0.84375 0.553125 0.3109375 0.23359375
0 0.7796875 0.2421875 0.1390625 0.1484375
0 0.8046875 0.1296875 0.0640625 0.05625
0 0.88671875 0.2328125 0.11015625 0.1328125