0 0.56953125 0.85390625 0.196875 0.2765625
0 0.0453125 0.81875 0.090625 0.2171875
0 0.1359375 0.86953125 0.1875 0.25859375
0 0.2078125 0.69609375 0.0609375 0.084375
0 0.28515625 0.91171875 0.1375 0.17421875
0 0.30859375 0.55234375 0.071875 0.33046875
0 0.428125 0.83203125 0.25078125 0.334375
0 0.453125 0.7984375 0.07578125 0.2
0 0.65546875 0.7640625 0.08828125 0.1484375
0 0.6921875 0.68515625 0.06015625 0.1484375
0 0.78203125 0.81953125 0.2109375 0.34296875
0 0.80234375 0.66484375 0.1671875 0.3546875
0 0.9203125 0.7953125 0.14765625 0.253125
0 0.896875 0.68359375 0.09765625 0.2828125