0 0.18125 0.37265625 0.29765625 0.15625
0 0.140625 0.48515625 0.096875 0.21484375
0 0.15703125 0.2765625 0.06328125 0.0984375
0 0.17734375 0.4859375 0.078125 0.1578125
0 0.2546875 0.615625 0.1921875 0.31640625
0 0.328125 0.390625 0.040625 0.06640625
0 0.34296875 0.39453125 0.06640625 0.084375
0 0.375 0.415625 0.0703125 0.109375
0 0.50546875 0.38359375 0.23671875 0.13203125
0 0.43984375 0.4484375 0.10078125 0.18203125
0 0.41875 0.415625 0.04765625 0.1046875
0 0.53515625 0.475 0.07421875 0.1671875
0 0.5875 0.48125 0.084375 0.1859375
0 0.68828125 0.52734375 0.171875 0.24296875
0 0.6578125 0.3859375 0.04921875 0.08125
0 0.68359375 0.43046875 0.0375 0.08984375
0 0.7265625 0.453125 0.07734375 0.11484375
0 0.765625 0.396875 0.0734375 0.1
0 0.8328125 0.5875 0.2078125 0.30703125
0 0.78515625 0.4640625 0.07265625 0.11328125
0 0.83671875 0.41796875 0.06328125 0.09375
0 0.9359375 0.56015625 0.12734375 0.30546875
0 0.9234375 0.43828125 0.04765625 0.13046875
0 0.975 0.45078125 0.0453125 0.18046875