0 0.83046875 0.67890625 0.2546875 0.64140625
0 0.08515625 0.3765625 0.1703125 0.465625
0 0.09296875 0.74609375 0.1859375 0.5046875
0 0.20625 0.63125 0.1984375 0.734375
0 0.35234375 0.721875 0.19609375 0.55390625
0 0.46015625 0.64609375 0.1765625 0.7046875
0 0.6046875 0.6921875 0.18671875 0.6125
0 0.6375 0.565625 0.190625 0.86640625
0 0.7203125 0.64765625 0.1140625 0.7015625
0 0.9046875 0.3796875 0.153125 0.45078125
0 0.93515625 0.728125 0.1265625 0.540625
0 0.98125 0.55546875 0.0359375 0.16328125