0 0.40234375 0.515625 0.8046875 0.4875
0 0.41328125 0.92265625 0.090625 0.0671875
0 0.4109375 0.83828125 0.07734375 0.04296875
0 0.4109375 0.97578125 0.0640625 0.04453125
0 0.43203125 0.7734375 0.1015625 0.1015625
0 0.4296875 0.69375 0.0890625 0.04609375
0 0.44296875 0.653125 0.075 0.03203125
0 0.4484375 0.22109375 0.0859375 0.0515625
0 0.4609375 0.1703125 0.08125 0.04296875
0 0.46875 0.09609375 0.09296875 0.084375
0 0.46171875 0.02265625 0.07109375 0.040625
0 0.45546875 0.03828125 0.053125 0.02890625