1 0.12421875 0.29140625 0.18203125 0.11484375
1 0.125 0.690625 0.17578125 0.10625
1 0.12265625 0.85078125 0.140625 0.16015625
1 0.13203125 0.11328125 0.1390625 0.1703125
1 0.1953125 0.403125 0.1921875 0.08828125
1 0.20390625 0.58125 0.1859375 0.0953125
1 0.225 0.69921875 0.17421875 0.153125
1 0.234375 0.29765625 0.17421875 0.14765625
1 0.31953125 0.50390625 0.2453125 0.071875
1 0.321875 0.58046875 0.2140625 0.10390625
1 0.309375 0.40390625 0.18046875 0.1328125
1 0.2921875 0.77109375 0.13515625 0.2015625
1 0.3234375 0.2265625 0.1671875 0.2
1 0.3359375 0.64453125 0.18046875 0.18671875
1 0.35 0.340625 0.1890625 0.1984375
1 0.34609375 0.33359375 0.1671875 0.20078125
1 0.3921875 0.27421875 0.15390625 0.27734375
1 0.37421875 0.815625 0.09375 0.21953125
1 0.38125 0.72421875 0.1 0.209375
1 0.384375 0.1703125 0.096875 0.2171875
1 0.43359375 0.78046875 0.0734375 0.275
1 0.44375 0.23125 0.07578125 0.32734375
1 0.4515625 0.834375 0.0546875 0.25703125
1 0.459375 0.14375 0.06171875 0.23203125
1 0.4921875 0.79375 0.0484375 0.28515625
1 0.50234375 0.22109375 0.04765625 0.34375
1 0.5375 0.83515625 0.06796875 0.25546875
1 0.5484375 0.15 0.05234375 0.24765625
1 0.56015625 0.23203125 0.065625 0.33984375
1 0.60703125 0.28125 0.1515625 0.26640625
1 0.5640625 0.78828125 0.053125 0.2734375
1 0.6671875 0.41328125 0.23046875 0.10625
1 0.62109375 0.73203125 0.1328125 0.2421875
1 0.6484375 0.35 0.178125 0.1984375
1 0.67578125 0.5828125 0.228125 0.12109375
1 0.6796875 0.5 0.22734375 0.0671875
1 0.65859375 0.65234375 0.1796875 0.17578125
1 0.61015625 0.80625 0.08046875 0.2265625
1 0.61875 0.17265625 0.08671875 0.22890625
1 0.6953125 0.77578125 0.1328125 0.19296875
1 0.7015625 0.2109375 0.14375 0.1890625
1 0.7671875 0.69375 0.18203125 0.1453125
1 0.790625 0.2828125 0.19296875 0.12421875
1 0.81875 0.58984375 0.215625 0.09609375
1 0.85390625 0.41484375 0.25 0.07578125
1 0.86875 0.8703125 0.17578125 0.178125
1 0.871875 0.12265625 0.1703125 0.1609375
1 0.88828125 0.30078125 0.1734375 0.1078125
1 0.890625 0.7 0.16484375 0.10625
1 0.9421875 0.67578125 0.10625 0.0265625