0 0.4375 0.59765625 0.096875 0.25234375
0 0.034375 0.89609375 0.06875 0.19609375
0 0.05625 0.75390625 0.1125 0.16015625
0 0.15 0.4296875 0.071875 0.13515625
0 0.209375 0.190625 0.1015625 0.221875
0 0.26953125 0.91484375 0.10859375 0.1546875
0 0.27265625 0.21875 0.08671875 0.215625
0 0.3921875 0.26796875 0.15 0.18203125
0 0.62265625 0.5359375 0.0953125 0.14765625
0 0.62109375 0.721875 0.07421875 0.16015625
0 0.66796875 0.61796875 0.08828125 0.13046875
0 0.7046875 0.29609375 0.05625 0.08984375
0 0.878125 0.13984375 0.0765625 0.12109375
0 0.87265625 0.62578125 0.0609375 0.14296875
0 0.91796875 0.625 0.0390625 0.096875
0 0.9546875 0.625 0.0296875 0.065625