0 0.328125 0.81328125 0.1390625 0.34296875
0 0.03125 0.56875 0.0625 0.190625
0 0.12421875 0.6359375 0.1046875 0.22734375
0 0.19765625 0.8625 0.21484375 0.27265625
0 0.23984375 0.46328125 0.05859375 0.159375
0 0.26171875 0.51953125 0.0515625 0.18671875
0 0.3171875 0.5171875 0.078125 0.19453125
0 0.3734375 0.46171875 0.0578125 0.14453125
0 0.440625 0.5984375 0.1328125 0.18203125
0 0.409375 0.43125 0.0359375 0.1171875
0 0.5015625 0.84765625 0.21015625 0.30234375
0 0.44765625 0.47109375 0.04375 0.0984375
0 0.4578125 0.446875 0.06171875 0.09765625
0 0.58125 0.58125 0.121875 0.275
0 0.665625 0.54765625 0.109375 0.18828125
0 0.65234375 0.40546875 0.0609375 0.0953125
0 0.71875 0.7234375 0.15234375 0.409375
0 0.759375 0.42265625 0.0734375 0.16953125
0 0.81640625 0.459375 0.04296875 0.2109375