0 0.04140625 0.49296875 0.0828125 0.2328125
0 0.171875 0.62109375 0.271875 0.34140625
0 0.15625 0.465625 0.10703125 0.15703125
0 0.2546875 0.43359375 0.0765625 0.43828125
0 0.3265625 0.4453125 0.12109375 0.41875
0 0.51796875 0.825 0.3234375 0.3484375
0 0.43671875 0.3328125 0.0984375 0.2359375
0 0.57421875 0.32578125 0.08515625 0.21875
0 0.6265625 0.46953125 0.11484375 0.18203125
0 0.6390625 0.31015625 0.0859375 0.1515625
0 0.7078125 0.28671875 0.0921875 0.1359375
0 0.6953125 0.44296875 0.05234375 0.11171875
0 0.76484375 0.659375 0.190625 0.44375
0 0.7765625 0.32890625 0.0359375 0.18203125
0 0.83125 0.3328125 0.08828125 0.21171875
0 0.86953125 0.578125 0.13515625 0.32265625
0 0.91796875 0.27890625 0.10546875 0.10625
0 0.93671875 0.52265625 0.12421875 0.27109375
0 0.9640625 0.48515625 0.07109375 0.19296875
0 0.978125 0.37265625 0.0421875 0.078125