0 0.596875 0.16484375 0.08671875 0.26484375
0 0.31328125 0.50234375 0.6203125 0.98984375
0 0.03828125 0.0421875 0.05 0.075
0 0.1 0.05625 0.03359375 0.04765625
0 0.1203125 0.0859375 0.0203125 0.0421875
0 0.184375 0.0859375 0.03203125 0.0421875
0 0.640625 0.20390625 0.0546875 0.2171875
0 0.6453125 0.3015625 0.0234375 0.0671875
0 0.678125 0.2265625 0.03359375 0.14765625
0 0.76484375 0.49375 0.1703125 0.4921875
0 0.83984375 0.53984375 0.31328125 0.91484375
0 0.709375 0.24375 0.03828125 0.14765625
0 0.721875 0.37734375 0.03671875 0.1546875
0 0.75234375 0.2328125 0.0453125 0.08515625