0 0.86640625 0.515625 0.1359375 0.57265625
0 0.0328125 0.47578125 0.06484375 0.134375
0 0.10703125 0.6453125 0.2140625 0.52421875
0 0.228125 0.72578125 0.2453125 0.54609375
0 0.2015625 0.41796875 0.08203125 0.1140625
0 0.37109375 0.72265625 0.36875 0.55390625
0 0.22890625 0.3609375 0.0578125 0.08046875
0 0.346875 0.38984375 0.0671875 0.09609375
0 0.3484375 0.38359375 0.0578125 0.08984375
0 0.34453125 0.4265625 0.0453125 0.13125
0 0.5515625 0.6765625 0.22109375 0.57265625
0 0.49375 0.39296875 0.084375 0.140625
0 0.6828125 0.3734375 0.09140625 0.10234375
0 0.74453125 0.6359375 0.16171875 0.5375
0 0.9359375 0.4953125 0.11875 0.44140625