0 0.10390625 0.5328125 0.1796875 0.80546875
0 0.17421875 0.29765625 0.1078125 0.42421875
0 0.2359375 0.246875 0.0890625 0.25859375
0 0.40390625 0.56640625 0.3875 0.86484375
0 0.49140625 0.17734375 0.05703125 0.196875
0 0.553125 0.21171875 0.0984375 0.1546875
0 0.740625 0.596875 0.44453125 0.80390625
0 0.73828125 0.14296875 0.11640625 0.13046875
0 0.78046875 0.24296875 0.1140625 0.27265625
0 0.8859375 0.37421875 0.2265625 0.659375
0 0.9453125 0.1703125 0.05546875 0.13046875
0 0.971875 0.23046875 0.05546875 0.2203125