1 0.06953125 0.665625 0.04453125 0.390625
1 0.25234375 0.73046875 0.24296875 0.140625
1 0.25625 0.49765625 0.10703125 0.09609375
1 0.2765625 0.2703125 0.115625 0.53828125
1 0.2890625 0.43515625 0.0640625 0.48984375
1 0.396875 0.0984375 0.0296875 0.17890625
1 0.7109375 0.384375 0.04609375 0.16171875
1 0.75859375 0.24140625 0.021875 0.30546875
1 0.84765625 0.1734375 0.0390625 0.21875
1 0.85 0.3 0.040625 0.09140625
1 0.915625 0.275 0.06015625 0.08984375
1 0.8921875 0.07734375 0.0078125 0.0890625
1 0.92734375 0.08515625 0.01953125 0.0765625
1 0.975 0.12421875 0.04921875 0.13984375