0 0.2265625 0.6984375 0.2390625 0.575
0 0.071875 0.671875 0.14375 0.653125
0 0.065625 0.33203125 0.071875 0.1453125
0 0.1625 0.38671875 0.08828125 0.1140625
0 0.16484375 0.32109375 0.084375 0.1453125
0 0.24140625 0.31328125 0.084375 0.16015625
0 0.2765625 0.5109375 0.13984375 0.33046875
0 0.2453125 0.23203125 0.04609375 0.05546875
0 0.25859375 0.22734375 0.0453125 0.096875
0 0.3015625 0.41015625 0.08203125 0.16015625
0 0.30859375 0.284375 0.0625 0.1640625
0 0.340625 0.4875 0.08828125 0.22265625
0 0.34140625 0.48046875 0.0765625 0.20234375
0 0.3828125 0.53515625 0.10390625 0.32578125
0 0.49375 0.83828125 0.2515625 0.32109375
0 0.40859375 0.3265625 0.0421875 0.109375
0 0.50546875 0.66640625 0.2203125 0.60078125
0 0.440625 0.25625 0.034375 0.13984375
0 0.528125 0.51015625 0.190625 0.371875
0 0.4640625 0.2890625 0.03984375 0.1203125
0 0.4734375 0.32421875 0.03828125 0.08125
0 0.5171875 0.2953125 0.05625 0.1375
0 0.58984375 0.2921875 0.03359375 0.11796875
0 0.67421875 0.73125 0.1515625 0.53515625
0 0.7515625 0.815625 0.29921875 0.3671875
0 0.67578125 0.5671875 0.12578125 0.26875
0 0.70546875 0.3609375 0.0796875 0.1359375
0 0.7421875 0.428125 0.09609375 0.178125
0 0.71484375 0.2796875 0.03984375 0.0734375
0 0.7921875 0.55390625 0.10234375 0.23203125
0 0.78984375 0.3265625 0.0484375 0.10234375
0 0.890625 0.70078125 0.1734375 0.39296875
0 0.83828125 0.29921875 0.03984375 0.06796875
0 0.85625 0.4078125 0.0484375 0.0796875
0 0.8703125 0.4640625 0.05390625 0.11015625
0 0.88203125 0.3046875 0.0359375 0.0578125
0 0.9328125 0.76875 0.1328125 0.46015625
0 0.9234375 0.4890625 0.07109375 0.1453125
0 0.90625 0.23984375 0.034375 0.0796875
0 0.9203125 0.34609375 0.0375 0.11015625
0 0.93359375 0.3703125 0.05703125 0.09609375
0 0.9453125 0.2953125 0.0296875 0.04609375
0 0.9703125 0.35625 0.0421875 0.0640625
0 0.971875 0.2390625 0.03125 0.06953125