0 0.0359375 0.91484375 0.07109375 0.16640625
0 0.1234375 0.9109375 0.0578125 0.16171875
0 0.19375 0.91640625 0.18984375 0.16328125
0 0.23671875 0.871875 0.0234375 0.0765625
0 0.284375 0.93984375 0.0765625 0.11640625
0 0.34609375 0.903125 0.04765625 0.1234375
0 0.3828125 0.9109375 0.04609375 0.1515625
0 0.41328125 0.90390625 0.0359375 0.14140625
0 0.4578125 0.89140625 0.01640625 0.08984375
0 0.4796875 0.8953125 0.01484375 0.09296875
0 0.54140625 0.878125 0.02265625 0.0734375
0 0.58984375 0.92109375 0.05234375 0.1546875
0 0.6578125 0.921875 0.0546875 0.153125
0 0.74296875 0.903125 0.15859375 0.18984375
0 0.8609375 0.90859375 0.0984375 0.1796875