0 0.22265625 0.81484375 0.1078125 0.28828125
0 0.17265625 0.484375 0.10625 0.31328125
0 0.4625 0.8359375 0.0859375 0.3265625
0 0.4640625 0.221875 0.0828125 0.190625
0 0.59609375 0.1703125 0.07265625 0.18046875
0 0.62109375 0.9125 0.059375 0.13359375
0 0.68671875 0.9078125 0.06171875 0.12734375
0 0.72578125 0.89140625 0.05546875 0.1046875
0 0.78125 0.39140625 0.0328125 0.06953125
0 0.85078125 0.18828125 0.1265625 0.2265625
0 0.89765625 0.48125 0.203125 0.2859375
0 0.971875 0.96484375 0.0546875 0.06796875