0 0.62578125 0.5796875 0.14140625 0.68515625
0 0.14296875 0.55625 0.25859375 0.665625
0 0.2015625 0.39296875 0.0984375 0.3265625
0 0.2859375 0.4234375 0.0875 0.3828125
0 0.346875 0.421875 0.10625 0.4140625
0 0.43359375 0.55078125 0.2265625 0.67734375
0 0.4890625 0.44375 0.08515625 0.38671875
0 0.56875 0.4140625 0.09921875 0.515625
0 0.6609375 0.37734375 0.0578125 0.23671875
0 0.7265625 0.3765625 0.084375 0.2875
0 0.77890625 0.53203125 0.17890625 0.771875
0 0.87265625 0.47578125 0.11796875 0.4359375
0 0.95625 0.4328125 0.08515625 0.37890625