0 0.8921875 0.3546875 0.134375 0.63671875
0 0.075 0.39609375 0.13828125 0.28828125
0 0.18671875 0.690625 0.3125 0.6015625
0 0.27890625 0.38046875 0.15234375 0.2359375
0 0.44375 0.65078125 0.25234375 0.6078125
0 0.43671875 0.3078125 0.1203125 0.08125
0 0.58984375 0.43828125 0.1578125 0.3671875
0 0.57421875 0.2828125 0.10546875 0.11640625
0 0.72265625 0.32578125 0.1140625 0.421875
0 0.76953125 0.225 0.0234375 0.05
0 0.8015625 0.27109375 0.06640625 0.12265625
0 0.940625 0.190625 0.0609375 0.10859375