0 0.05859375 0.89375 0.1171875 0.209375
0 0.08125 0.42421875 0.16171875 0.42734375
0 0.20625 0.5546875 0.190625 0.46953125
0 0.1578125 0.9703125 0.065625 0.05625
0 0.215625 0.98125 0.05 0.03359375
0 0.33203125 0.68359375 0.2171875 0.48046875
0 0.29140625 0.97265625 0.05546875 0.0515625
0 0.35 0.40234375 0.1328125 0.34765625
0 0.4671875 0.49765625 0.225 0.3796875
0 0.584375 0.35703125 0.121875 0.32578125
0 0.64296875 0.571875 0.175 0.534375
0 0.71015625 0.359375 0.190625 0.259375
0 0.8734375 0.3109375 0.1328125 0.359375
0 0.90703125 0.58359375 0.178125 0.47109375
0 0.9421875 0.340625 0.11328125 0.3015625