0 0.38515625 0.41953125 0.128125 0.70078125
0 0.04609375 0.42109375 0.0890625 0.62890625
0 0.0875 0.23671875 0.0828125 0.22890625
0 0.1328125 0.578125 0.09609375 0.60546875
0 0.2453125 0.42578125 0.14765625 0.4609375
0 0.45546875 0.32109375 0.0734375 0.42109375
0 0.5203125 0.421875 0.1984375 0.80078125
0 0.6015625 0.35390625 0.09609375 0.51640625
0 0.65703125 0.29453125 0.0640625 0.2828125
0 0.68828125 0.521875 0.08046875 0.4671875
0 0.7265625 0.271875 0.0671875 0.23828125
0 0.7796875 0.50625 0.1140625 0.46640625
0 0.8203125 0.8375 0.1859375 0.3234375
0 0.8578125 0.26484375 0.10859375 0.284375
0 0.85390625 0.45234375 0.0890625 0.375
0 0.92890625 0.19140625 0.07109375 0.22265625
0 0.94609375 0.315625 0.10625 0.23203125