0 0.07109375 0.675 0.09140625 0.44921875
0 0.2796875 0.71640625 0.14765625 0.53984375
0 0.23828125 0.5859375 0.04609375 0.12734375
0 0.3296875 0.5625 0.0546875 0.1546875
0 0.38359375 0.76484375 0.0890625 0.46640625
0 0.39296875 0.51953125 0.03203125 0.04609375
0 0.4671875 0.69921875 0.15 0.55625
0 0.6046875 0.73359375 0.0796875 0.52890625
0 0.6921875 0.71953125 0.19140625 0.53828125
0 0.753125 0.63125 0.04453125 0.1765625
0 0.8203125 0.65390625 0.09609375 0.1859375
0 0.95625 0.696875 0.0734375 0.23828125
0 0.9875 0.73359375 0.02421875 0.22265625