0 0.4796875 0.57578125 0.4796875 0.51640625
0 0.0546875 0.265625 0.109375 0.40625
0 0.2296875 0.34765625 0.24140625 0.246875
0 0.36640625 0.26796875 0.0140625 0.04296875
0 0.396875 0.2765625 0.0171875 0.0828125
0 0.4359375 0.2328125 0.05078125 0.1140625
0 0.5484375 0.2921875 0.0484375 0.0984375
0 0.58203125 0.35859375 0.0859375 0.23046875
0 0.6734375 0.29921875 0.0609375 0.1015625
0 0.85 0.39453125 0.225 0.7890625
0 0.9546875 0.6203125 0.08984375 0.3296875
0 0.9609375 0.34453125 0.0390625 0.0421875
0 0.9671875 0.3078125 0.0265625 0.0484375