0 0.2359375 0.7390625 0.33359375 0.4859375
0 0.05625 0.57890625 0.1125 0.27265625
0 0.06640625 0.32578125 0.0640625 0.21015625
0 0.10703125 0.4265625 0.0625 0.15
0 0.153125 0.33203125 0.0421875 0.16875
0 0.21640625 0.28203125 0.05859375 0.0953125
0 0.328125 0.4703125 0.2078125 0.27265625
0 0.4453125 0.72734375 0.2046875 0.54296875
0 0.5046875 0.5609375 0.09765625 0.3078125
0 0.640625 0.77890625 0.3703125 0.43984375
0 0.6453125 0.6109375 0.1953125 0.3421875
0 0.71875 0.48125 0.29453125 0.30234375
0 0.6171875 0.30703125 0.03046875 0.075
0 0.62578125 0.3234375 0.0453125 0.1046875
0 0.7796875 0.3078125 0.05859375 0.12109375
0 0.871875 0.609375 0.1921875 0.35703125
0 0.9125 0.42421875 0.0734375 0.1734375
0 0.90546875 0.4109375 0.0484375 0.08046875
0 0.95 0.32578125 0.09140625 0.21015625
0 0.98125 0.49453125 0.0359375 0.19765625