0 0.50234375 0.57578125 0.13671875 0.76328125
0 0.15625 0.77421875 0.26015625 0.44921875
0 0.1375 0.6046875 0.125 0.284375
0 0.34765625 0.6078125 0.17109375 0.78046875
0 0.65859375 0.79921875 0.25625 0.3984375
0 0.6421875 0.49453125 0.18984375 0.45625
0 0.65390625 0.346875 0.03046875 0.10703125
0 0.7296875 0.3921875 0.040625 0.196875
0 0.8078125 0.5046875 0.0828125 0.12890625
0 0.89296875 0.46796875 0.0609375 0.15390625
0 0.94453125 0.84140625 0.10859375 0.3140625
0 0.9609375 0.5546875 0.07578125 0.2359375