0 0.05 0.3859375 0.07421875 0.2359375
0 0.08359375 0.63828125 0.1671875 0.3421875
0 0.16953125 0.559375 0.121875 0.21953125
0 0.22265625 0.5046875 0.075 0.16484375
0 0.37734375 0.7171875 0.25390625 0.359375
0 0.31015625 0.50078125 0.0921875 0.17265625
0 0.39375 0.58046875 0.1515625 0.23671875
0 0.40390625 0.3578125 0.03828125 0.09765625
0 0.42734375 0.49453125 0.05234375 0.12734375
0 0.46953125 0.36875 0.03828125 0.05625
0 0.49921875 0.54140625 0.065625 0.1875
0 0.5578125 0.5625 0.1234375 0.19140625
0 0.61015625 0.69140625 0.18984375 0.26171875
0 0.63828125 0.515625 0.090625 0.165625
0 0.68828125 0.56171875 0.10234375 0.21953125
0 0.81875 0.76484375 0.19921875 0.378125
0 0.92421875 0.84375 0.1453125 0.3109375
0 0.91796875 0.4984375 0.04609375 0.1171875
0 0.96875 0.49375 0.0609375 0.11171875
0 0.97109375 0.60625 0.05390625 0.1234375