0 0.51328125 0.5359375 0.1984375 0.81015625
0 0.025 0.5953125 0.05 0.121875
0 0.03671875 0.72578125 0.0734375 0.15078125
0 0.0765625 0.64296875 0.075 0.23515625
0 0.14296875 0.709375 0.13828125 0.15078125
0 0.1734375 0.58984375 0.1 0.17578125
0 0.33046875 0.76796875 0.26015625 0.15390625
0 0.2828125 0.66484375 0.1046875 0.125
0 0.2734375 0.56953125 0.05234375 0.08828125
0 0.31875 0.5828125 0.03828125 0.08046875
0 0.35703125 0.60625 0.04609375 0.165625
0 0.43046875 0.54296875 0.06015625 0.1046875
0 0.45 0.69375 0.06796875 0.1703125
0 0.575 0.70546875 0.0796875 0.14296875
0 0.66796875 0.71484375 0.1078125 0.1796875
0 0.79609375 0.746875 0.1296875 0.21484375
0 0.909375 0.77265625 0.15703125 0.2109375
0 0.940625 0.90546875 0.115625 0.18671875