0 0.3421875 0.4953125 0.1796875 0.6125
0 0.0546875 0.346875 0.10859375 0.18671875
0 0.08828125 0.68828125 0.14296875 0.37578125
0 0.196875 0.5671875 0.1515625 0.6125
0 0.29921875 0.05703125 0.1125 0.1140625
0 0.515625 0.5734375 0.1703125 0.5890625
0 0.5421875 0.06171875 0.121875 0.1234375
0 0.603125 0.5828125 0.215625 0.5234375
0 0.746875 0.55234375 0.10859375 0.50859375
0 0.84140625 0.559375 0.16171875 0.55546875
0 0.8015625 0.06796875 0.078125 0.1359375
0 0.903125 0.0796875 0.10859375 0.12421875