0 0.68359375 0.6796875 0.0640625 0.21484375
0 0.065625 0.6890625 0.06640625 0.37421875
0 0.19765625 0.72421875 0.10390625 0.2515625
0 0.29140625 0.71328125 0.06953125 0.221875
0 0.39765625 0.6984375 0.07109375 0.2109375
0 0.51015625 0.69453125 0.0765625 0.22578125
0 0.59765625 0.68046875 0.0765625 0.21328125
0 0.62734375 0.925 0.08203125 0.14609375
0 0.74765625 0.66328125 0.0515625 0.19609375
0 0.84765625 0.903125 0.15703125 0.190625
0 0.8328125 0.64296875 0.08203125 0.2296875
0 0.91484375 0.6515625 0.06796875 0.20390625
0 0.94609375 0.86953125 0.10546875 0.25703125