0 0.559375 0.40625 0.06640625 0.14296875
0 0.4234375 0.5875 0.03984375 0.09375
0 0.4578125 0.62265625 0.04140625 0.09375
0 0.48125 0.5859375 0.02734375 0.09140625
0 0.49609375 0.6765625 0.0453125 0.11796875
0 0.51015625 0.39296875 0.02578125 0.09375
0 0.52578125 0.578125 0.03515625 0.078125
0 0.5671875 0.6015625 0.046875 0.1078125
0 0.63125 0.6359375 0.06015625 0.13203125
0 0.675 0.55390625 0.040625 0.06875
0 0.7140625 0.54765625 0.03125 0.06171875
0 0.74375 0.5390625 0.02890625 0.0671875
0 0.83515625 0.52578125 0.03203125 0.04921875